Reading file jobfile2.txt                                                                                                                                          
jobs parsed from jobfile2.txt                                                                                                                                          
Index  |    p  |    d  |    w  |    r
 ------------------------------------
    1  |    4  |    0  |    1  |    1
    2  |    4  |    0  |    2  |    4
    3  |    4  |    0  |    3  |    7
cost matrix assigned 
Cost matrix solved with optimal value =    54
    0 |     1 |     2 |     3 |     4 |     5 |     6 |     7 |     8 |     9 |    10 |    11 |    12
-----------------------------------------------------------------------------------------------------
    1|     0*|     0 |     0 |     0 |     0 |     0 |     0 |     0 |     0 | 32767 | 32767 | 32767 
    2| 32767 |     0*|     0 |     0 |     0 |     0 |     0 |     0 |     0 |     0 | 32767 | 32767 
    3| 32767 | 32767 |     0*|     0 |     0 |     0 |     0 |     0 |     0 |     0 |     0 | 32767 
    4| 32767 | 32767 | 32767 |     4*|     5 |     6 |     7 |     8 |     9 |    10 |    11 |    12 
    5| 32767 | 32767 | 32767 |     0 |     0*|     0 |     0 |     0 |     0 | 32767 | 32767 | 32767 
    6| 32767 | 32767 | 32767 | 32767 |     0 |     0*|     0 |     0 |     0 |     0 | 32767 | 32767 
    7| 32767 | 32767 | 32767 | 32767 | 32767 |     0 |     0 |     0 |     0 |     0*|     0 | 32767 
    8| 32767 | 32767 | 32767 | 32767 | 32767 | 32767 |    14*|    16 |    18 |    20 |    22 |    24 
    9| 32767 | 32767 | 32767 | 32767 | 32767 | 32767 |     0 |     0 |     0*| 32767 | 32767 | 32767 
   10| 32767 | 32767 | 32767 | 32767 | 32767 | 32767 | 32767 |     0*|     0 |     0 | 32767 | 32767 
   11| 32767 | 32767 | 32767 | 32767 | 32767 | 32767 | 32767 | 32767 |     0 |     0 |     0*| 32767 
   12| 32767 | 32767 | 32767 | 32767 | 32767 | 32767 | 32767 | 32767 | 32767 |    30 |    33 |    36*
classifying violations for cost matrix....
Cost matrix solved with optimal value =    54
    0 |     1 |     2 |     3 |     4 |     5 |     6 |     7 |     8 |     9 |    10 |    11 |    12
-----------------------------------------------------------------------------------------------------
    1|     0*|     0 |     0 |     0 |     0 |     0 |     0 |     0 |     0 | 32767 | 32767 | 32767 
    2| 32767 |     0*|     0 |     0 |     0 |     0 |     0 |     0 |     0 |     0 | 32767 | 32767 
    3| 32767 | 32767 |     0*|     0 |     0 |     0 |     0 |     0 |     0 |     0 |     0 | 32767 
    4| 32767 | 32767 | 32767 |     4*|     5 |     6 |     7 |     8 |     9 |    10 |    11 |    12 
    5| 32767 | 32767 | 32767 |     0 |     0*|     0 |     0 |     0 |     0 | 32767 | 32767 | 32767 
    6| 32767 | 32767 | 32767 | 32767 |     0 |     0*|     0 |     0 |     0 |     0 | 32767 | 32767 
    7| 32767 | 32767 | 32767 | 32767 | 32767 |     0 |     0 |     0 |     0 |     0*|     0 | 32767 
    8| 32767 | 32767 | 32767 | 32767 | 32767 | 32767 |    14*|    16 |    18 |    20 |    22 |    24 
    9| 32767 | 32767 | 32767 | 32767 | 32767 | 32767 |     0 |     0 |     0*| 32767 | 32767 | 32767 
   10| 32767 | 32767 | 32767 | 32767 | 32767 | 32767 | 32767 |     0*|     0 |     0 | 32767 | 32767 
   11| 32767 | 32767 | 32767 | 32767 | 32767 | 32767 | 32767 | 32767 |     0 |     0 |     0*| 32767 
   12| 32767 | 32767 | 32767 | 32767 | 32767 | 32767 | 32767 | 32767 | 32767 |    30 |    33 |    36*
total number violations found  1
(  7, 10)-(  8,  7);
Solving with excluded CT violation (  8,  7)
Solving cost matrix y excluding (  8,  7)
Cost matrix solved with optimal value =    56
    0 |     1 |     2 |     3 |     4 |     5 |     6 |     7 |     8 |     9 |    10 |    11 |    12
-----------------------------------------------------------------------------------------------------
    1|     0*|     0 |     0 |     0 |     0 |     0 |     0 |     0 |     0 | 32767 | 32767 | 32767 
    2| 32767 |     0*|     0 |     0 |     0 |     0 |     0 |     0 |     0 |     0 | 32767 | 32767 
    3| 32767 | 32767 |     0*|     0 |     0 |     0 |     0 |     0 |     0 |     0 |     0 | 32767 
    4| 32767 | 32767 | 32767 |     4*|     5 |     6 |     7 |     8 |     9 |    10 |    11 |    12 
    5| 32767 | 32767 | 32767 |     0 |     0*|     0 |     0 |     0 |     0 | 32767 | 32767 | 32767 
    6| 32767 | 32767 | 32767 | 32767 |     0 |     0*|     0 |     0 |     0 |     0 | 32767 | 32767 
    7| 32767 | 32767 | 32767 | 32767 | 32767 |     0 |     0 |     0 |     0 |     0*|     0 | 32767 
    8| 32767 | 32767 | 32767 | 32767 | 32767 | 32767 | 10000 |    16*|    18 |    20 |    22 |    24 
    9| 32767 | 32767 | 32767 | 32767 | 32767 | 32767 |     0*|     0 |     0 | 32767 | 32767 | 32767 
   10| 32767 | 32767 | 32767 | 32767 | 32767 | 32767 | 32767 |     0 |     0*|     0 | 32767 | 32767 
   11| 32767 | 32767 | 32767 | 32767 | 32767 | 32767 | 32767 | 32767 |     0 |     0 |     0*| 32767 
   12| 32767 | 32767 | 32767 | 32767 | 32767 | 32767 | 32767 | 32767 | 32767 |    30 |    33 |    36*
Solving with excluded NCT violation (  7, 10)
Solving cost matrix y excluding (  7, 10)
Cost matrix solved with optimal value =    54
    0 |     1 |     2 |     3 |     4 |     5 |     6 |     7 |     8 |     9 |    10 |    11 |    12
-----------------------------------------------------------------------------------------------------
    1|     0*|     0 |     0 |     0 |     0 |     0 |     0 |     0 |     0 | 32767 | 32767 | 32767 
    2| 32767 |     0*|     0 |     0 |     0 |     0 |     0 |     0 |     0 |     0 | 32767 | 32767 
    3| 32767 | 32767 |     0*|     0 |     0 |     0 |     0 |     0 |     0 |     0 |     0 | 32767 
    4| 32767 | 32767 | 32767 |     4*|     5 |     6 |     7 |     8 |     9 |    10 |    11 |    12 
    5| 32767 | 32767 | 32767 |     0 |     0*|     0 |     0 |     0 |     0 | 32767 | 32767 | 32767 
    6| 32767 | 32767 | 32767 | 32767 |     0 |     0 |     0 |     0*|     0 |     0 | 32767 | 32767 
    7| 32767 | 32767 | 32767 | 32767 | 32767 |     0*|     0 |     0 |     0 | 10000 |     0 | 32767 
    8| 32767 | 32767 | 32767 | 32767 | 32767 | 32767 |    14*|    16 |    18 |    20 |    22 |    24 
    9| 32767 | 32767 | 32767 | 32767 | 32767 | 32767 |     0 |     0 |     0*| 32767 | 32767 | 32767 
   10| 32767 | 32767 | 32767 | 32767 | 32767 | 32767 | 32767 |     0 |     0 |     0*| 32767 | 32767 
   11| 32767 | 32767 | 32767 | 32767 | 32767 | 32767 | 32767 | 32767 |     0 |     0 |     0*| 32767 
   12| 32767 | 32767 | 32767 | 32767 | 32767 | 32767 | 32767 | 32767 | 32767 |    30 |    33 |    36*
Branching pivot found (  8,  7) with bottleneck tolerance     2
Solving cost matrix y including (  8,  7) with strategy-  2
Cost matrix solved with optimal value =    54
    0 |     1 |     2 |     3 |     4 |     5 |     6 |     7 |     8 |     9 |    10 |    11 |    12
-----------------------------------------------------------------------------------------------------
    1|     0*|     0 |     0 |     0 |     0 |     0 | 10000 |     0 |     0 | 32767 | 32767 | 32767 
    2| 32767 |     0*|     0 |     0 |     0 |     0 | 10000 |     0 |     0 |     0 | 32767 | 32767 
    3| 32767 | 32767 |     0*|     0 |     0 |     0 | 10000 |     0 |     0 |     0 |     0 | 32767 
    4| 32767 | 32767 | 32767 |     4*|     5 |     6 | 10000 |     8 |     9 |    10 |    11 |    12 
    5| 32767 | 32767 | 32767 |     0 |     0*|     0 | 10000 |     0 |     0 | 32767 | 32767 | 32767 
    6| 32767 | 32767 | 32767 | 32767 |     0 |     0*| 10000 |     0 |     0 |     0 | 32767 | 32767 
    7| 32767 | 32767 | 32767 | 32767 | 32767 |     0 | 10000 |     0 |     0 |     0*|     0 | 32767 
    8| 32767 | 32767 | 32767 | 32767 | 32767 | 32767 |    14*|    16 |    18 |    20 |    22 |    24 
    9| 32767 | 32767 | 32767 | 32767 | 32767 | 32767 | 10000 |     0 |     0*| 32767 | 32767 | 32767 
   10| 32767 | 32767 | 32767 | 32767 | 32767 | 32767 | 10000 |     0*|     0 |     0 | 32767 | 32767 
   11| 32767 | 32767 | 32767 | 32767 | 32767 | 32767 | 10000 | 32767 |     0 |     0 |     0*| 32767 
   12| 32767 | 32767 | 32767 | 32767 | 32767 | 32767 | 10000 | 32767 | 32767 |    30 |    33 |    36*
classifying violations for cost matrix....
Cost matrix solved with optimal value =    56
    0 |     1 |     2 |     3 |     4 |     5 |     6 |     7 |     8 |     9 |    10 |    11 |    12
-----------------------------------------------------------------------------------------------------
    1|     0*|     0 |     0 |     0 |     0 |     0 |     0 |     0 |     0 | 32767 | 32767 | 32767 
    2| 32767 |     0*|     0 |     0 |     0 |     0 |     0 |     0 |     0 |     0 | 32767 | 32767 
    3| 32767 | 32767 |     0*|     0 |     0 |     0 |     0 |     0 |     0 |     0 |     0 | 32767 
    4| 32767 | 32767 | 32767 |     4*|     5 |     6 |     7 |     8 |     9 |    10 |    11 |    12 
    5| 32767 | 32767 | 32767 |     0 |     0*|     0 |     0 |     0 |     0 | 32767 | 32767 | 32767 
    6| 32767 | 32767 | 32767 | 32767 |     0 |     0*|     0 |     0 |     0 |     0 | 32767 | 32767 
    7| 32767 | 32767 | 32767 | 32767 | 32767 |     0 |     0 |     0 |     0 |     0*|     0 | 32767 
    8| 32767 | 32767 | 32767 | 32767 | 32767 | 32767 | 10000 |    16*|    18 |    20 |    22 |    24 
    9| 32767 | 32767 | 32767 | 32767 | 32767 | 32767 |     0*|     0 |     0 | 32767 | 32767 | 32767 
   10| 32767 | 32767 | 32767 | 32767 | 32767 | 32767 | 32767 |     0 |     0*|     0 | 32767 | 32767 
   11| 32767 | 32767 | 32767 | 32767 | 32767 | 32767 | 32767 | 32767 |     0 |     0 |     0*| 32767 
   12| 32767 | 32767 | 32767 | 32767 | 32767 | 32767 | 32767 | 32767 | 32767 |    30 |    33 |    36*
total number violations found  1
(  7, 10)-(  8,  8);
Solving with excluded CT violation (  8,  8)
Solving cost matrix y excluding (  8,  8)
Cost matrix solved with optimal value =    58
    0 |     1 |     2 |     3 |     4 |     5 |     6 |     7 |     8 |     9 |    10 |    11 |    12
-----------------------------------------------------------------------------------------------------
    1|     0*|     0 |     0 |     0 |     0 |     0 |     0 |     0 |     0 | 32767 | 32767 | 32767 
    2| 32767 |     0*|     0 |     0 |     0 |     0 |     0 |     0 |     0 |     0 | 32767 | 32767 
    3| 32767 | 32767 |     0*|     0 |     0 |     0 |     0 |     0 |     0 |     0 |     0 | 32767 
    4| 32767 | 32767 | 32767 |     4*|     5 |     6 |     7 |     8 |     9 |    10 |    11 |    12 
    5| 32767 | 32767 | 32767 |     0 |     0*|     0 |     0 |     0 |     0 | 32767 | 32767 | 32767 
    6| 32767 | 32767 | 32767 | 32767 |     0 |     0 |     0 |     0 |     0*|     0 | 32767 | 32767 
    7| 32767 | 32767 | 32767 | 32767 | 32767 |     0*|     0 |     0 |     0 |     0 |     0 | 32767 
    8| 32767 | 32767 | 32767 | 32767 | 32767 | 32767 | 10000 | 10000 |    18 |    20 |    22 |    24*
    9| 32767 | 32767 | 32767 | 32767 | 32767 | 32767 |     0*|     0 |     0 | 32767 | 32767 | 32767 
   10| 32767 | 32767 | 32767 | 32767 | 32767 | 32767 | 32767 |     0*|     0 |     0 | 32767 | 32767 
   11| 32767 | 32767 | 32767 | 32767 | 32767 | 32767 | 32767 | 32767 |     0 |     0 |     0*| 32767 
   12| 32767 | 32767 | 32767 | 32767 | 32767 | 32767 | 32767 | 32767 | 32767 |    30*|    33 |    36 
Solving with excluded NCT violation (  7, 10)
Solving cost matrix y excluding (  7, 10)
Cost matrix solved with optimal value =    56
    0 |     1 |     2 |     3 |     4 |     5 |     6 |     7 |     8 |     9 |    10 |    11 |    12
-----------------------------------------------------------------------------------------------------
    1|     0*|     0 |     0 |     0 |     0 |     0 |     0 |     0 |     0 | 32767 | 32767 | 32767 
    2| 32767 |     0*|     0 |     0 |     0 |     0 |     0 |     0 |     0 |     0 | 32767 | 32767 
    3| 32767 | 32767 |     0*|     0 |     0 |     0 |     0 |     0 |     0 |     0 |     0 | 32767 
    4| 32767 | 32767 | 32767 |     4*|     5 |     6 |     7 |     8 |     9 |    10 |    11 |    12 
    5| 32767 | 32767 | 32767 |     0 |     0*|     0 |     0 |     0 |     0 | 32767 | 32767 | 32767 
    6| 32767 | 32767 | 32767 | 32767 |     0 |     0 |     0 |     0 |     0*|     0 | 32767 | 32767 
    7| 32767 | 32767 | 32767 | 32767 | 32767 |     0*|     0 |     0 |     0 | 10000 |     0 | 32767 
    8| 32767 | 32767 | 32767 | 32767 | 32767 | 32767 | 10000 |    16*|    18 |    20 |    22 |    24 
    9| 32767 | 32767 | 32767 | 32767 | 32767 | 32767 |     0*|     0 |     0 | 32767 | 32767 | 32767 
   10| 32767 | 32767 | 32767 | 32767 | 32767 | 32767 | 32767 |     0 |     0 |     0*| 32767 | 32767 
   11| 32767 | 32767 | 32767 | 32767 | 32767 | 32767 | 32767 | 32767 |     0 |     0 |     0*| 32767 
   12| 32767 | 32767 | 32767 | 32767 | 32767 | 32767 | 32767 | 32767 | 32767 |    30 |    33 |    36*
Branching pivot found (  8,  8) with bottleneck tolerance     2
Solving cost matrix y including (  8,  8) with strategy-  2
Cost matrix solved with optimal value =    56
    0 |     1 |     2 |     3 |     4 |     5 |     6 |     7 |     8 |     9 |    10 |    11 |    12
-----------------------------------------------------------------------------------------------------
    1|     0*|     0 |     0 |     0 |     0 |     0 |     0 | 10000 |     0 | 32767 | 32767 | 32767 
    2| 32767 |     0*|     0 |     0 |     0 |     0 |     0 | 10000 |     0 |     0 | 32767 | 32767 
    3| 32767 | 32767 |     0*|     0 |     0 |     0 |     0 | 10000 |     0 |     0 |     0 | 32767 
    4| 32767 | 32767 | 32767 |     4*|     5 |     6 |     7 | 10000 |     9 |    10 |    11 |    12 
    5| 32767 | 32767 | 32767 |     0 |     0*|     0 |     0 | 10000 |     0 | 32767 | 32767 | 32767 
    6| 32767 | 32767 | 32767 | 32767 |     0 |     0*|     0 | 10000 |     0 |     0 | 32767 | 32767 
    7| 32767 | 32767 | 32767 | 32767 | 32767 |     0 |     0 | 10000 |     0 |     0*|     0 | 32767 
    8| 32767 | 32767 | 32767 | 32767 | 32767 | 32767 | 10000 |    16*|    18 |    20 |    22 |    24 
    9| 32767 | 32767 | 32767 | 32767 | 32767 | 32767 |     0*| 10000 |     0 | 32767 | 32767 | 32767 
   10| 32767 | 32767 | 32767 | 32767 | 32767 | 32767 | 32767 | 10000 |     0*|     0 | 32767 | 32767 
   11| 32767 | 32767 | 32767 | 32767 | 32767 | 32767 | 32767 | 10000 |     0 |     0 |     0*| 32767 
   12| 32767 | 32767 | 32767 | 32767 | 32767 | 32767 | 32767 | 10000 | 32767 |    30 |    33 |    36*
classifying violations for cost matrix....
Cost matrix solved with optimal value =    58
    0 |     1 |     2 |     3 |     4 |     5 |     6 |     7 |     8 |     9 |    10 |    11 |    12
-----------------------------------------------------------------------------------------------------
    1|     0*|     0 |     0 |     0 |     0 |     0 |     0 |     0 |     0 | 32767 | 32767 | 32767 
    2| 32767 |     0*|     0 |     0 |     0 |     0 |     0 |     0 |     0 |     0 | 32767 | 32767 
    3| 32767 | 32767 |     0*|     0 |     0 |     0 |     0 |     0 |     0 |     0 |     0 | 32767 
    4| 32767 | 32767 | 32767 |     4*|     5 |     6 |     7 |     8 |     9 |    10 |    11 |    12 
    5| 32767 | 32767 | 32767 |     0 |     0*|     0 |     0 |     0 |     0 | 32767 | 32767 | 32767 
    6| 32767 | 32767 | 32767 | 32767 |     0 |     0 |     0 |     0 |     0*|     0 | 32767 | 32767 
    7| 32767 | 32767 | 32767 | 32767 | 32767 |     0*|     0 |     0 |     0 |     0 |     0 | 32767 
    8| 32767 | 32767 | 32767 | 32767 | 32767 | 32767 | 10000 | 10000 |    18 |    20 |    22 |    24*
    9| 32767 | 32767 | 32767 | 32767 | 32767 | 32767 |     0*|     0 |     0 | 32767 | 32767 | 32767 
   10| 32767 | 32767 | 32767 | 32767 | 32767 | 32767 | 32767 |     0*|     0 |     0 | 32767 | 32767 
   11| 32767 | 32767 | 32767 | 32767 | 32767 | 32767 | 32767 | 32767 |     0 |     0 |     0*| 32767 
   12| 32767 | 32767 | 32767 | 32767 | 32767 | 32767 | 32767 | 32767 | 32767 |    30*|    33 |    36 
total number violations found  1
( 11, 11)-( 12, 10);
Solving with excluded CT violation ( 12, 10)
Solving cost matrix y excluding ( 12, 10)
Cost matrix solved with optimal value =    58
    0 |     1 |     2 |     3 |     4 |     5 |     6 |     7 |     8 |     9 |    10 |    11 |    12
-----------------------------------------------------------------------------------------------------
    1|     0*|     0 |     0 |     0 |     0 |     0 |     0 |     0 |     0 | 32767 | 32767 | 32767 
    2| 32767 |     0*|     0 |     0 |     0 |     0 |     0 |     0 |     0 |     0 | 32767 | 32767 
    3| 32767 | 32767 |     0*|     0 |     0 |     0 |     0 |     0 |     0 |     0 |     0 | 32767 
    4| 32767 | 32767 | 32767 |     4*|     5 |     6 |     7 |     8 |     9 |    10 |    11 |    12 
    5| 32767 | 32767 | 32767 |     0 |     0*|     0 |     0 |     0 |     0 | 32767 | 32767 | 32767 
    6| 32767 | 32767 | 32767 | 32767 |     0 |     0*|     0 |     0 |     0 |     0 | 32767 | 32767 
    7| 32767 | 32767 | 32767 | 32767 | 32767 |     0 |     0 |     0 |     0 |     0*|     0 | 32767 
    8| 32767 | 32767 | 32767 | 32767 | 32767 | 32767 | 10000 | 10000 |    18*|    20 |    22 |    24 
    9| 32767 | 32767 | 32767 | 32767 | 32767 | 32767 |     0*|     0 |     0 | 32767 | 32767 | 32767 
   10| 32767 | 32767 | 32767 | 32767 | 32767 | 32767 | 32767 |     0*|     0 |     0 | 32767 | 32767 
   11| 32767 | 32767 | 32767 | 32767 | 32767 | 32767 | 32767 | 32767 |     0 |     0 |     0*| 32767 
   12| 32767 | 32767 | 32767 | 32767 | 32767 | 32767 | 32767 | 32767 | 32767 | 10000 |    33 |    36*
Solving with excluded NCT violation ( 11, 11)
Solving cost matrix y excluding ( 11, 11)
Cost matrix solved with optimal value =    58
    0 |     1 |     2 |     3 |     4 |     5 |     6 |     7 |     8 |     9 |    10 |    11 |    12
-----------------------------------------------------------------------------------------------------
    1|     0*|     0 |     0 |     0 |     0 |     0 |     0 |     0 |     0 | 32767 | 32767 | 32767 
    2| 32767 |     0*|     0 |     0 |     0 |     0 |     0 |     0 |     0 |     0 | 32767 | 32767 
    3| 32767 | 32767 |     0*|     0 |     0 |     0 |     0 |     0 |     0 |     0 |     0 | 32767 
    4| 32767 | 32767 | 32767 |     4*|     5 |     6 |     7 |     8 |     9 |    10 |    11 |    12 
    5| 32767 | 32767 | 32767 |     0 |     0 |     0*|     0 |     0 |     0 | 32767 | 32767 | 32767 
    6| 32767 | 32767 | 32767 | 32767 |     0*|     0 |     0 |     0 |     0 |     0 | 32767 | 32767 
    7| 32767 | 32767 | 32767 | 32767 | 32767 |     0 |     0 |     0 |     0 |     0 |     0*| 32767 
    8| 32767 | 32767 | 32767 | 32767 | 32767 | 32767 | 10000 | 10000 |    18 |    20 |    22 |    24*
    9| 32767 | 32767 | 32767 | 32767 | 32767 | 32767 |     0*|     0 |     0 | 32767 | 32767 | 32767 
   10| 32767 | 32767 | 32767 | 32767 | 32767 | 32767 | 32767 |     0*|     0 |     0 | 32767 | 32767 
   11| 32767 | 32767 | 32767 | 32767 | 32767 | 32767 | 32767 | 32767 |     0*|     0 | 10000 | 32767 
   12| 32767 | 32767 | 32767 | 32767 | 32767 | 32767 | 32767 | 32767 | 32767 |    30*|    33 |    36 
Branching pivot found ( 12, 10) with bottleneck tolerance     0
Solving cost matrix y including ( 12, 10) with strategy-  2
Cost matrix solved with optimal value =    58
    0 |     1 |     2 |     3 |     4 |     5 |     6 |     7 |     8 |     9 |    10 |    11 |    12
-----------------------------------------------------------------------------------------------------
    1|     0*|     0 |     0 |     0 |     0 |     0 |     0 |     0 |     0 | 10000 | 32767 | 32767 
    2| 32767 |     0*|     0 |     0 |     0 |     0 |     0 |     0 |     0 | 10000 | 32767 | 32767 
    3| 32767 | 32767 |     0*|     0 |     0 |     0 |     0 |     0 |     0 | 10000 |     0 | 32767 
    4| 32767 | 32767 | 32767 |     4*|     5 |     6 |     7 |     8 |     9 | 10000 |    11 |    12 
    5| 32767 | 32767 | 32767 |     0 |     0*|     0 |     0 |     0 |     0 | 10000 | 32767 | 32767 
    6| 32767 | 32767 | 32767 | 32767 |     0 |     0 |     0 |     0 |     0*| 10000 | 32767 | 32767 
    7| 32767 | 32767 | 32767 | 32767 | 32767 |     0*|     0 |     0 |     0 | 10000 |     0 | 32767 
    8| 32767 | 32767 | 32767 | 32767 | 32767 | 32767 | 10000 | 10000 |    18 | 10000 |    22 |    24*
    9| 32767 | 32767 | 32767 | 32767 | 32767 | 32767 |     0*|     0 |     0 | 10000 | 32767 | 32767 
   10| 32767 | 32767 | 32767 | 32767 | 32767 | 32767 | 32767 |     0*|     0 | 10000 | 32767 | 32767 
   11| 32767 | 32767 | 32767 | 32767 | 32767 | 32767 | 32767 | 32767 |     0 | 10000 |     0*| 32767 
   12| 32767 | 32767 | 32767 | 32767 | 32767 | 32767 | 32767 | 32767 | 32767 |    30*|    33 |    36 
classifying violations for cost matrix....
Cost matrix solved with optimal value =    58
    0 |     1 |     2 |     3 |     4 |     5 |     6 |     7 |     8 |     9 |    10 |    11 |    12
-----------------------------------------------------------------------------------------------------
    1|     0*|     0 |     0 |     0 |     0 |     0 |     0 |     0 |     0 | 32767 | 32767 | 32767 
    2| 32767 |     0*|     0 |     0 |     0 |     0 |     0 |     0 |     0 |     0 | 32767 | 32767 
    3| 32767 | 32767 |     0*|     0 |     0 |     0 |     0 |     0 |     0 |     0 |     0 | 32767 
    4| 32767 | 32767 | 32767 |     4*|     5 |     6 |     7 |     8 |     9 |    10 |    11 |    12 
    5| 32767 | 32767 | 32767 |     0 |     0*|     0 |     0 |     0 |     0 | 32767 | 32767 | 32767 
    6| 32767 | 32767 | 32767 | 32767 |     0 |     0*|     0 |     0 |     0 |     0 | 32767 | 32767 
    7| 32767 | 32767 | 32767 | 32767 | 32767 |     0 |     0 |     0 |     0 |     0*|     0 | 32767 
    8| 32767 | 32767 | 32767 | 32767 | 32767 | 32767 | 10000 | 10000 |    18*|    20 |    22 |    24 
    9| 32767 | 32767 | 32767 | 32767 | 32767 | 32767 |     0*|     0 |     0 | 32767 | 32767 | 32767 
   10| 32767 | 32767 | 32767 | 32767 | 32767 | 32767 | 32767 |     0*|     0 |     0 | 32767 | 32767 
   11| 32767 | 32767 | 32767 | 32767 | 32767 | 32767 | 32767 | 32767 |     0 |     0 |     0*| 32767 
   12| 32767 | 32767 | 32767 | 32767 | 32767 | 32767 | 32767 | 32767 | 32767 | 10000 |    33 |    36*
total number violations found  1
(  7, 10)-(  8,  9);
Solving with excluded CT violation (  8,  9)
Solving cost matrix y excluding (  8,  9)
Cost matrix solved with optimal value =    60
    0 |     1 |     2 |     3 |     4 |     5 |     6 |     7 |     8 |     9 |    10 |    11 |    12
-----------------------------------------------------------------------------------------------------
    1|     0*|     0 |     0 |     0 |     0 |     0 |     0 |     0 |     0 | 32767 | 32767 | 32767 
    2| 32767 |     0*|     0 |     0 |     0 |     0 |     0 |     0 |     0 |     0 | 32767 | 32767 
    3| 32767 | 32767 |     0*|     0 |     0 |     0 |     0 |     0 |     0 |     0 |     0 | 32767 
    4| 32767 | 32767 | 32767 |     4*|     5 |     6 |     7 |     8 |     9 |    10 |    11 |    12 
    5| 32767 | 32767 | 32767 |     0 |     0*|     0 |     0 |     0 |     0 | 32767 | 32767 | 32767 
    6| 32767 | 32767 | 32767 | 32767 |     0 |     0 |     0 |     0 |     0*|     0 | 32767 | 32767 
    7| 32767 | 32767 | 32767 | 32767 | 32767 |     0*|     0 |     0 |     0 |     0 |     0 | 32767 
    8| 32767 | 32767 | 32767 | 32767 | 32767 | 32767 | 10000 | 10000 | 10000 |    20*|    22 |    24 
    9| 32767 | 32767 | 32767 | 32767 | 32767 | 32767 |     0*|     0 |     0 | 32767 | 32767 | 32767 
   10| 32767 | 32767 | 32767 | 32767 | 32767 | 32767 | 32767 |     0*|     0 |     0 | 32767 | 32767 
   11| 32767 | 32767 | 32767 | 32767 | 32767 | 32767 | 32767 | 32767 |     0 |     0 |     0*| 32767 
   12| 32767 | 32767 | 32767 | 32767 | 32767 | 32767 | 32767 | 32767 | 32767 | 10000 |    33 |    36*
Solving with excluded NCT violation (  7, 10)
Solving cost matrix y excluding (  7, 10)
Cost matrix solved with optimal value =    58
    0 |     1 |     2 |     3 |     4 |     5 |     6 |     7 |     8 |     9 |    10 |    11 |    12
-----------------------------------------------------------------------------------------------------
    1|     0*|     0 |     0 |     0 |     0 |     0 |     0 |     0 |     0 | 32767 | 32767 | 32767 
    2| 32767 |     0*|     0 |     0 |     0 |     0 |     0 |     0 |     0 |     0 | 32767 | 32767 
    3| 32767 | 32767 |     0*|     0 |     0 |     0 |     0 |     0 |     0 |     0 |     0 | 32767 
    4| 32767 | 32767 | 32767 |     4*|     5 |     6 |     7 |     8 |     9 |    10 |    11 |    12 
    5| 32767 | 32767 | 32767 |     0 |     0*|     0 |     0 |     0 |     0 | 32767 | 32767 | 32767 
    6| 32767 | 32767 | 32767 | 32767 |     0 |     0 |     0 |     0*|     0 |     0 | 32767 | 32767 
    7| 32767 | 32767 | 32767 | 32767 | 32767 |     0*|     0 |     0 |     0 | 10000 |     0 | 32767 
    8| 32767 | 32767 | 32767 | 32767 | 32767 | 32767 | 10000 | 10000 |    18*|    20 |    22 |    24 
    9| 32767 | 32767 | 32767 | 32767 | 32767 | 32767 |     0*|     0 |     0 | 32767 | 32767 | 32767 
   10| 32767 | 32767 | 32767 | 32767 | 32767 | 32767 | 32767 |     0 |     0 |     0*| 32767 | 32767 
   11| 32767 | 32767 | 32767 | 32767 | 32767 | 32767 | 32767 | 32767 |     0 |     0 |     0*| 32767 
   12| 32767 | 32767 | 32767 | 32767 | 32767 | 32767 | 32767 | 32767 | 32767 | 10000 |    33 |    36*
Branching pivot found (  8,  9) with bottleneck tolerance     2
Solving cost matrix y including (  8,  9) with strategy-  2
Cost matrix solved with optimal value =    58
    0 |     1 |     2 |     3 |     4 |     5 |     6 |     7 |     8 |     9 |    10 |    11 |    12
-----------------------------------------------------------------------------------------------------
    1|     0*|     0 |     0 |     0 |     0 |     0 |     0 |     0 | 10000 | 32767 | 32767 | 32767 
    2| 32767 |     0*|     0 |     0 |     0 |     0 |     0 |     0 | 10000 |     0 | 32767 | 32767 
    3| 32767 | 32767 |     0*|     0 |     0 |     0 |     0 |     0 | 10000 |     0 |     0 | 32767 
    4| 32767 | 32767 | 32767 |     4*|     5 |     6 |     7 |     8 | 10000 |    10 |    11 |    12 
    5| 32767 | 32767 | 32767 |     0 |     0 |     0*|     0 |     0 | 10000 | 32767 | 32767 | 32767 
    6| 32767 | 32767 | 32767 | 32767 |     0*|     0 |     0 |     0 | 10000 |     0 | 32767 | 32767 
    7| 32767 | 32767 | 32767 | 32767 | 32767 |     0 |     0 |     0 | 10000 |     0*|     0 | 32767 
    8| 32767 | 32767 | 32767 | 32767 | 32767 | 32767 | 10000 | 10000 |    18*|    20 |    22 |    24 
    9| 32767 | 32767 | 32767 | 32767 | 32767 | 32767 |     0*|     0 | 10000 | 32767 | 32767 | 32767 
   10| 32767 | 32767 | 32767 | 32767 | 32767 | 32767 | 32767 |     0*| 10000 |     0 | 32767 | 32767 
   11| 32767 | 32767 | 32767 | 32767 | 32767 | 32767 | 32767 | 32767 | 10000 |     0 |     0*| 32767 
   12| 32767 | 32767 | 32767 | 32767 | 32767 | 32767 | 32767 | 32767 | 10000 | 10000 |    33 |    36*
classifying violations for cost matrix....
Cost matrix solved with optimal value =    60
    0 |     1 |     2 |     3 |     4 |     5 |     6 |     7 |     8 |     9 |    10 |    11 |    12
-----------------------------------------------------------------------------------------------------
    1|     0*|     0 |     0 |     0 |     0 |     0 |     0 |     0 |     0 | 32767 | 32767 | 32767 
    2| 32767 |     0*|     0 |     0 |     0 |     0 |     0 |     0 |     0 |     0 | 32767 | 32767 
    3| 32767 | 32767 |     0*|     0 |     0 |     0 |     0 |     0 |     0 |     0 |     0 | 32767 
    4| 32767 | 32767 | 32767 |     4*|     5 |     6 |     7 |     8 |     9 |    10 |    11 |    12 
    5| 32767 | 32767 | 32767 |     0 |     0*|     0 |     0 |     0 |     0 | 32767 | 32767 | 32767 
    6| 32767 | 32767 | 32767 | 32767 |     0 |     0 |     0 |     0 |     0*|     0 | 32767 | 32767 
    7| 32767 | 32767 | 32767 | 32767 | 32767 |     0*|     0 |     0 |     0 |     0 |     0 | 32767 
    8| 32767 | 32767 | 32767 | 32767 | 32767 | 32767 | 10000 | 10000 | 10000 |    20*|    22 |    24 
    9| 32767 | 32767 | 32767 | 32767 | 32767 | 32767 |     0*|     0 |     0 | 32767 | 32767 | 32767 
   10| 32767 | 32767 | 32767 | 32767 | 32767 | 32767 | 32767 |     0*|     0 |     0 | 32767 | 32767 
   11| 32767 | 32767 | 32767 | 32767 | 32767 | 32767 | 32767 | 32767 |     0 |     0 |     0*| 32767 
   12| 32767 | 32767 | 32767 | 32767 | 32767 | 32767 | 32767 | 32767 | 32767 | 10000 |    33 |    36*
total number violations found  0
(
Optimum cost =  60 optimum assignment ->
Cost matrix solved with optimal value =    60
    0 |     1 |     2 |     3 |     4 |     5 |     6 |     7 |     8 |     9 |    10 |    11 |    12
-----------------------------------------------------------------------------------------------------
    1|     0*|     0 |     0 |     0 |     0 |     0 |     0 |     0 |     0 | 32767 | 32767 | 32767 
    2| 32767 |     0*|     0 |     0 |     0 |     0 |     0 |     0 |     0 |     0 | 32767 | 32767 
    3| 32767 | 32767 |     0*|     0 |     0 |     0 |     0 |     0 |     0 |     0 |     0 | 32767 
    4| 32767 | 32767 | 32767 |     4*|     5 |     6 |     7 |     8 |     9 |    10 |    11 |    12 
    5| 32767 | 32767 | 32767 |     0 |     0*|     0 |     0 |     0 |     0 | 32767 | 32767 | 32767 
    6| 32767 | 32767 | 32767 | 32767 |     0 |     0 |     0 |     0 |     0*|     0 | 32767 | 32767 
    7| 32767 | 32767 | 32767 | 32767 | 32767 |     0*|     0 |     0 |     0 |     0 |     0 | 32767 
    8| 32767 | 32767 | 32767 | 32767 | 32767 | 32767 | 10000 | 10000 | 10000 |    20*|    22 |    24 
    9| 32767 | 32767 | 32767 | 32767 | 32767 | 32767 |     0*|     0 |     0 | 32767 | 32767 | 32767 
   10| 32767 | 32767 | 32767 | 32767 | 32767 | 32767 | 32767 |     0*|     0 |     0 | 32767 | 32767 
   11| 32767 | 32767 | 32767 | 32767 | 32767 | 32767 | 32767 | 32767 |     0 |     0 |     0*| 32767 
   12| 32767 | 32767 | 32767 | 32767 | 32767 | 32767 | 32767 | 32767 | 32767 | 10000 |    33 |    36*
